100             0                   0                    0
1000            0                   42                   0
10000           67                  122                  211
50000           254                 509                  1015
100000          511                 993                  2018
200000          567                 2048                 3089
300000          1543                3095                 6181
400000          1788                3169                 8294
500000          2615                5296                 10520
600000          3174                6367                 12734
700000          3711                7446                 14873
800000          4065                873                 17105
900000          4798                9599                 19198
1000000         5321                10668                21335
1100000         5843                11748                23494
1200000         6369                12778                25571
1300000         6888                12821                20644
1400000         7401                14837                29681
1500000         7905                15897                31703
1600000         8422                16874                33789